V 54
K 1
D 0 -2286000 2286000 0
Y 1
U 1905000 762000 254000 0 2 3 REFDES=J?
U 1905000 508000 254000 0 2 3 DEVICE=SQT-110-01-L-D
U 1905000 254000 254000 0 2 0 PKG_TYPE=SQT11001LD
U 1905000 0 254000 0 2 0 Description=Position per row, Receptacle Connector 0.079" (2.00mm) Through Hole Gold,  row height-6.65
U 1905000 -254000 254000 0 2 0 Datasheet Link=https://suddendocs.samtec.com/prints/sqt-1xx-xx-xxx-x-xxx-xxx-mkt.pdf
U 1905000 -508000 254000 0 2 0 Height=6.65
U 1905000 -762000 254000 0 2 0 Mouser Part Number=200-SQT11001LD
U 1905000 -1016000 254000 0 2 0 Mouser Price/Stock=https://www.mouser.co.uk/ProductDetail/Samtec/SQT-110-01-L-D?qs=FESYatJ8odJGRXnwU%2FSPUg%3D%3D
U 1905000 -1270000 254000 0 2 0 Manufacturer_Name=SAMTEC
U 1905000 -1524000 254000 0 2 0 Manufacturer_Part_Number=SQT-110-01-L-D
U 0 0 254000 0 1 0 FORWARD_PCB=1
l 5 508000 254000 1778000 254000 1778000 -2540000 508000 -2540000 508000 254000
|GRPHSTL -1 -1 -1 1
P 1 0 -2286000 508000 -2286000 0 2 0
L 584200 -2286000 228600 0 2 0 1 0 1
A 355600 -2235200 203200 0 9 3 #=1
A 0 0 9 0 3 0 PINTYPE=BI
P 2 2286000 -2286000 1778000 -2286000 0 3 0
L 1701800 -2286000 228600 0 8 0 1 0 2
A 1930400 -2235200 203200 0 3 3 #=2
A 0 0 9 0 3 0 PINTYPE=BI
P 3 0 -2032000 508000 -2032000 0 2 0
L 584200 -2032000 228600 0 2 0 1 0 3
A 355600 -1981200 203200 0 9 3 #=3
A 0 0 9 0 3 0 PINTYPE=BI
P 4 2286000 -2032000 1778000 -2032000 0 3 0
L 1701800 -2032000 228600 0 8 0 1 0 4
A 1930400 -1981200 203200 0 3 3 #=4
A 0 0 9 0 3 0 PINTYPE=BI
P 5 0 -1778000 508000 -1778000 0 2 0
L 584200 -1778000 228600 0 2 0 1 0 5
A 355600 -1727200 203200 0 9 3 #=5
A 0 0 9 0 3 0 PINTYPE=BI
P 6 2286000 -1778000 1778000 -1778000 0 3 0
L 1701800 -1778000 228600 0 8 0 1 0 6
A 1930400 -1727200 203200 0 3 3 #=6
A 0 0 9 0 3 0 PINTYPE=BI
P 7 0 -1524000 508000 -1524000 0 2 0
L 584200 -1524000 228600 0 2 0 1 0 7
A 355600 -1473200 203200 0 9 3 #=7
A 0 0 9 0 3 0 PINTYPE=BI
P 8 2286000 -1524000 1778000 -1524000 0 3 0
L 1701800 -1524000 228600 0 8 0 1 0 8
A 1930400 -1473200 203200 0 3 3 #=8
A 0 0 9 0 3 0 PINTYPE=BI
P 9 0 -1270000 508000 -1270000 0 2 0
L 584200 -1270000 228600 0 2 0 1 0 9
A 355600 -1219200 203200 0 9 3 #=9
A 0 0 9 0 3 0 PINTYPE=BI
P 10 2286000 -1270000 1778000 -1270000 0 3 0
L 1701800 -1270000 228600 0 8 0 1 0 10
A 1930400 -1219200 203200 0 3 3 #=10
A 0 0 9 0 3 0 PINTYPE=BI
P 11 0 -1016000 508000 -1016000 0 2 0
L 584200 -1016000 228600 0 2 0 1 0 11
A 355600 -965200 203200 0 9 3 #=11
A 0 0 9 0 3 0 PINTYPE=BI
P 12 2286000 -1016000 1778000 -1016000 0 3 0
L 1701800 -1016000 228600 0 8 0 1 0 12
A 1930400 -965200 203200 0 3 3 #=12
A 0 0 9 0 3 0 PINTYPE=BI
P 13 0 -762000 508000 -762000 0 2 0
L 584200 -762000 228600 0 2 0 1 0 13
A 355600 -711200 203200 0 9 3 #=13
A 0 0 9 0 3 0 PINTYPE=BI
P 14 2286000 -762000 1778000 -762000 0 3 0
L 1701800 -762000 228600 0 8 0 1 0 14
A 1930400 -711200 203200 0 3 3 #=14
A 0 0 9 0 3 0 PINTYPE=BI
P 15 0 -508000 508000 -508000 0 2 0
L 584200 -508000 228600 0 2 0 1 0 15
A 355600 -457200 203200 0 9 3 #=15
A 0 0 9 0 3 0 PINTYPE=BI
P 16 2286000 -508000 1778000 -508000 0 3 0
L 1701800 -508000 228600 0 8 0 1 0 16
A 1930400 -457200 203200 0 3 3 #=16
A 0 0 9 0 3 0 PINTYPE=BI
P 17 0 -254000 508000 -254000 0 2 0
L 584200 -254000 228600 0 2 0 1 0 17
A 355600 -203200 203200 0 9 3 #=17
A 0 0 9 0 3 0 PINTYPE=BI
P 18 2286000 -254000 1778000 -254000 0 3 0
L 1701800 -254000 228600 0 8 0 1 0 18
A 1930400 -203200 203200 0 3 3 #=18
A 0 0 9 0 3 0 PINTYPE=BI
P 19 0 0 508000 0 0 2 0
L 584200 0 228600 0 2 0 1 0 19
A 355600 50800 203200 0 9 3 #=19
A 0 0 9 0 3 0 PINTYPE=BI
P 20 2286000 0 1778000 0 0 3 0
L 1701800 0 228600 0 8 0 1 0 20
A 1930400 50800 203200 0 3 3 #=20
A 0 0 9 0 3 0 PINTYPE=BI
E
